Cities,Latitude,Longitude,Temp,Humidity,Cloudiness,Windspeed,Country,Date
tuatapere,-46.13,167.68,39.0,99,65,3.0,NZ,1592664245
urumqi,43.8,87.6,82.4,99,40,6.71,CN,1592664245
mataura,-46.19,168.86,39.0,99,54,3.0,NZ,1592664245
san vicente,-26.62,-54.13,77.32,99,23,7.94,AR,1592664245
iqaluit,63.75,-68.51,39.2,99,75,5.82,CA,1592664245
butaritari,3.07,172.79,83.26,99,90,11.65,KI,1592664245
taunggyi,20.78,97.03,65.08,99,76,4.5,MM,1592664246
avarua,-21.21,-159.78,69.8,99,87,5.82,CK,1592664246
vila do maio,15.13,-23.22,84.2,99,20,17.22,CV,1592664246
albany,42.6,-73.97,82.99,99,0,2.75,US,1592664180
grand forks,47.93,-97.03,60.8,99,90,8.05,US,1592664246
cabo san lucas,22.89,-109.91,82.0,99,5,7.16,MX,1592664246
pevek,69.7,170.31,44.92,99,55,8.79,RU,1592664246
atuona,-9.8,-139.03,79.66,99,84,13.38,PF,1592664247
meulaboh,4.14,96.13,77.85,99,100,6.58,ID,1592664247
provideniya,64.38,-173.3,51.49,99,0,6.96,RU,1592664247
new norfolk,-42.78,147.06,44.01,99,100,2.37,AU,1592664247
torbay,47.67,-52.73,46.0,99,90,9.17,CA,1592664185
punta arenas,-53.15,-70.92,37.4,99,100,9.17,CL,1592664247
pio xii,-3.83,-45.15,85.75,99,8,7.31,BR,1592664247
upernavik,72.79,-56.15,42.01,99,0,5.77,GL,1592664247
chuy,-33.7,-53.46,60.66,99,33,2.39,UY,1592664248
port elizabeth,-33.92,25.57,68.0,99,30,4.7,ZA,1592664248
khon buri,14.53,102.25,79.09,99,88,4.79,TH,1592664248
rikitea,-23.12,-134.97,75.88,99,77,14.85,PF,1592664248
fortuna,40.6,-124.16,57.0,99,90,4.36,US,1592664248
santa isabel do rio negro,-0.41,-65.02,80.28,99,98,4.97,BR,1592664248
kapaa,22.08,-159.32,77.0,99,75,16.11,US,1592663996
saskylakh,71.92,114.08,73.99,99,100,6.13,RU,1592664249
barrow,71.29,-156.79,32.0,99,90,12.75,US,1592664249
qaqortoq,60.72,-46.03,48.2,99,75,5.82,GL,1592664249
jamestown,42.1,-79.24,78.01,99,1,1.34,US,1592664249
hobyo,5.35,48.53,81.12,99,7,30.78,SO,1592664249
busselton,-33.65,115.33,44.01,99,0,7.2,AU,1592664130
dauriya,49.93,116.87,62.82,99,77,7.94,RU,1592664250
saint-pierre,-21.34,55.48,71.6,99,34,5.82,RE,1592664081
yellowknife,62.46,-114.35,66.99,99,20,17.22,CA,1592664045
bluff,-46.6,168.33,39.0,99,61,3.0,NZ,1592664250
alta floresta,-9.88,-56.09,87.8,99,31,8.05,BR,1592664250
esperance,-33.87,121.9,46.4,99,0,6.93,AU,1592664250
hilo,19.73,-155.09,69.8,99,1,3.36,US,1592664250
batticaloa,7.71,81.69,84.61,99,100,5.53,LK,1592664251
lompoc,34.64,-120.46,57.2,99,90,3.36,US,1592664251
hamilton,39.18,-84.53,84.0,99,20,6.93,US,1592664251
ushuaia,-54.8,-68.3,33.8,99,90,4.7,AR,1592664251
katsuura,35.13,140.3,73.0,99,100,4.61,JP,1592664252
samarai,-10.62,150.67,78.89,99,15,12.97,PG,1592664252
nikolskoye,59.7,30.79,64.4,99,100,13.42,RU,1592664252
kapit,2.02,112.93,74.71,99,100,0.98,MY,1592664252
boda,4.32,17.47,78.89,99,81,2.95,CF,1592664252
progreso,21.28,-89.67,82.99,99,75,11.41,MX,1592664252
thompson,55.74,-97.86,42.8,99,90,9.17,CA,1592664055
cabinda,-5.55,12.2,80.6,99,75,6.93,AO,1592664253
lata,40.16,-8.33,82.0,99,0,11.88,PT,1592664253
swan hill,-35.34,143.55,46.04,99,33,6.71,AU,1592664253
bredasdorp,-34.53,20.04,66.2,99,1,8.34,ZA,1592664253
bundaberg,-24.85,152.35,57.99,99,40,6.93,AU,1592664254
naze,28.37,129.48,75.2,99,75,3.36,JP,1592664254
ust-kuyga,70.02,135.6,74.97,99,88,5.01,RU,1592664254
tasiilaq,65.61,-37.64,48.2,99,75,19.46,GL,1592664254
victoria,22.29,114.16,84.0,99,44,5.99,HK,1592664238
ribeira grande,38.52,-28.7,69.8,99,40,13.87,PT,1592664254
grindavik,63.84,-22.43,51.8,99,90,19.46,IS,1592664254
poya,-21.35,165.15,64.44,99,14,7.96,NC,1592664254
port-gentil,-0.72,8.78,82.4,99,40,12.75,GA,1592664255
tiksi,71.69,128.87,65.71,99,0,7.85,RU,1592664255
christchurch,-43.53,172.63,45.0,99,11,5.82,NZ,1592663992
chokurdakh,70.63,147.92,75.65,99,1,7.52,RU,1592664255
sitka,57.05,-135.33,51.8,99,90,9.17,US,1592664255
rio gallegos,-51.62,-69.22,37.4,99,40,12.75,AR,1592664255
vila velha,-20.33,-40.29,80.6,99,0,12.75,BR,1592664256
port hardy,50.7,-127.42,57.2,99,75,3.22,CA,1592664256
hermanus,-34.42,19.23,63.0,99,36,4.0,ZA,1592664256
dikson,73.51,80.55,37.0,99,33,16.24,RU,1592664256
leningradskiy,69.38,178.42,41.04,99,86,7.07,RU,1592664256
korla,41.76,86.15,86.0,99,0,3.0,CN,1592664256
inhambane,-23.86,35.38,73.4,99,40,9.17,MZ,1592664257
bethel,41.37,-73.41,81.0,99,1,4.7,US,1592664257
longyearbyen,78.22,15.64,42.8,99,40,21.92,SJ,1592664257
veinticinco de mayo,-35.43,-60.17,60.01,99,100,5.01,AR,1592664257
klyuchi,52.27,79.17,51.87,99,76,7.2,RU,1592664257
geraldton,-28.77,114.6,57.2,99,0,9.17,AU,1592664257
agadez,19.75,10.25,106.54,99,1,6.69,NE,1592664257
bolshaya rechka,51.95,104.74,62.6,99,20,6.71,RU,1592664257
elko,41.0,-115.5,57.99,99,1,5.82,US,1592664258
lufilufi,-13.87,-171.6,73.4,99,75,3.36,WS,1592664258
havelock,34.88,-76.9,81.0,99,5,3.36,US,1592664258
termoli,41.99,14.99,73.0,99,0,1.99,IT,1592664258
manzanillo,20.34,-77.12,85.48,99,91,0.74,CU,1592664258
ponta do sol,32.67,-17.1,75.2,99,20,14.99,PT,1592664258
cayenne,4.93,-52.33,86.0,99,75,2.24,GF,1592664258
bowen,-20.02,148.23,66.0,99,9,6.93,AU,1592664259
port alfred,-33.59,26.89,69.01,99,0,2.33,ZA,1592664259
rumonge,-3.97,29.44,76.78,99,8,4.92,BI,1592664259
miri,4.41,114.01,78.8,99,75,2.24,MY,1592664259
wejherowo,54.61,18.24,73.4,99,20,6.93,PL,1592664066
verkhnyaya toyma,62.23,45.0,52.09,99,100,8.5,RU,1592664259
maceio,-9.67,-35.74,82.4,99,75,17.22,BR,1592664010
kommunisticheskiy,61.68,64.48,53.31,99,0,11.81,RU,1592664260
qaanaaq,77.48,-69.36,39.09,99,100,8.5,GL,1592664260
richards bay,-28.78,32.04,67.98,99,0,10.27,ZA,1592664260
vanimo,-2.67,141.3,79.18,99,95,4.34,PG,1592664260
ponta delgada,37.73,-25.67,68.0,99,20,13.87,PT,1592664260
cidreira,-30.18,-50.21,69.76,99,95,5.95,BR,1592664260
hobart,-42.88,147.33,46.99,99,100,8.05,AU,1592664205
coquimbo,-29.95,-71.34,57.2,99,0,3.36,CL,1592664261
zemio,5.03,25.14,78.19,99,83,3.44,CF,1592664261
mbaiki,3.87,17.99,78.84,99,92,0.67,CF,1592664261
sijunjung,-0.69,100.95,72.88,99,89,1.79,ID,1592664261
trelew,-43.25,-65.31,55.71,99,100,27.31,AR,1592664261
airai,-8.93,125.41,56.62,99,31,3.91,TL,1592664262
norman wells,65.28,-126.83,62.6,99,75,12.75,CA,1592664262
kiruna,67.86,20.23,69.8,99,28,8.05,SE,1592664064
rio grande,-32.03,-52.1,69.8,99,40,6.93,BR,1592664220
abomsa,9.98,39.98,89.96,99,100,9.95,ET,1592664262
carnarvon,-24.87,113.63,66.2,99,0,10.29,AU,1592664262
gat,31.61,34.76,80.6,99,75,12.75,IL,1592664262
cape town,-33.93,18.42,66.0,99,75,12.75,ZA,1592664263
tongliao,43.61,122.27,82.24,99,100,21.47,CN,1592664263
novikovo,51.15,37.89,80.1,99,27,6.76,RU,1592664263
zhireken,52.82,117.31,48.79,99,11,3.09,RU,1592664263
nizwa,22.93,57.53,98.96,99,96,2.95,OM,1592664263
muros,42.78,-9.06,66.0,99,23,15.99,ES,1592664263
dingle,11.0,122.67,79.45,99,0,4.25,PH,1592664263
tuktoyaktuk,69.45,-133.04,39.2,99,90,9.17,CA,1592664174
guerrero negro,27.98,-114.06,66.34,99,20,13.69,MX,1592664264
keti bandar,24.14,67.45,87.62,99,0,9.01,PK,1592664264
cervo,43.67,-7.41,70.0,99,25,8.99,ES,1592664264
lebu,-37.62,-73.65,52.81,99,100,25.66,CL,1592664264
oromocto,45.84,-66.48,78.8,99,1,9.17,CA,1592664265
beian,63.66,9.57,86.0,99,40,14.99,NO,1592664265
pimentel,-6.84,-79.93,64.4,99,90,6.93,PE,1592664265
sayyan,15.17,44.32,70.45,99,80,4.72,YE,1592664266
moose factory,51.26,-80.61,60.8,99,90,4.7,CA,1592664266
tyulgan,52.34,56.17,71.47,99,0,5.28,RU,1592664266
los llanos de aridane,28.66,-17.92,78.8,99,20,13.87,ES,1592664266
the valley,18.22,-63.06,86.0,99,40,13.87,AI,1592664266
puerto leguizamo,-0.19,-74.78,72.27,99,100,2.48,CO,1592664267
benguela,-12.58,13.41,81.28,99,0,7.27,AO,1592664267
makakilo city,21.35,-158.09,73.4,99,75,3.36,US,1592664267
college,64.86,-147.8,55.4,99,75,3.36,US,1592664268
grand gaube,-20.01,57.66,73.0,99,35,8.99,MU,1592664268
georgetown,5.41,100.34,84.2,99,20,2.24,MY,1592664268
east london,-33.02,27.91,71.6,99,0,11.41,ZA,1592664268
san patricio,19.22,-104.7,77.0,99,75,6.93,MX,1592664268
waipawa,-41.41,175.52,54.0,99,100,11.41,NZ,1592664269
urdoma,61.75,48.54,50.77,99,100,10.8,RU,1592664269
bengkulu,-3.8,102.27,77.34,99,68,4.88,ID,1592664087
khurba,50.41,136.88,50.27,99,39,7.02,RU,1592664269
caravelas,-17.71,-39.25,79.56,99,57,6.6,BR,1592664269
kaeo,-35.1,173.78,54.0,99,94,8.1,NZ,1592664269
panguipulli,-39.63,-72.33,50.0,99,90,9.17,CL,1592664088
vaini,-21.2,-175.2,73.4,99,20,6.93,TO,1592664270
karratha,-20.74,116.85,71.17,99,0,5.86,AU,1592664270
paranaiba,-19.68,-51.19,81.39,99,0,8.81,BR,1592664270
central point,42.38,-122.92,66.99,99,1,1.59,US,1592664270
adrar,20.5,-10.07,108.61,99,0,11.81,MR,1592664271
praia,14.92,-23.51,84.2,99,20,17.22,CV,1592664271
atambua,-9.11,124.89,71.89,99,14,6.98,ID,1592664271
hithadhoo,-0.6,73.08,83.82,99,76,7.05,MV,1592664271
yerbogachen,61.28,108.01,59.76,99,43,2.48,RU,1592664271
soure,-0.72,-48.52,84.06,99,0,6.64,BR,1592664271
turukhansk,65.82,87.98,50.68,99,100,11.39,RU,1592664272
trinidad,-14.83,-64.9,84.2,99,0,9.17,BO,1592664205
mutsu,41.29,141.22,60.01,99,20,1.12,JP,1592664061
prado,-17.34,-39.22,78.33,99,44,6.55,BR,1592664272
kitimat,54.05,-128.65,55.99,99,100,1.01,CA,1592664272
kruisfontein,-34.0,24.73,60.8,99,5,5.5,ZA,1592664272
cozumel,20.51,-86.95,86.0,99,40,8.05,MX,1592664273
puerto ayora,-0.74,-90.35,69.01,99,94,3.0,EC,1592664273
paamiut,61.99,-49.67,39.6,99,41,24.45,GL,1592664273
gushikawa,26.35,127.87,82.4,99,75,11.41,JP,1592664273
ekhabi,53.51,142.97,41.18,99,100,8.95,RU,1592664273
morehead,37.27,-87.18,84.2,99,1,3.36,US,1592664274
olafsvik,64.89,-23.71,51.1,99,99,8.12,IS,1592664274
saint-philippe,-21.36,55.77,71.6,99,81,5.82,RE,1592664274
krasnyy kholm,58.06,37.12,63.79,99,54,9.4,RU,1592664274
palanga,55.92,21.07,68.0,99,75,1.12,LT,1592664274
narsaq,60.92,-46.05,48.2,99,75,5.82,GL,1592664199
talnakh,69.49,88.4,55.4,99,75,22.37,RU,1592664275
lamesa,32.74,-101.95,66.2,99,90,17.22,US,1592664275
kodiak,57.79,-152.41,50.0,99,90,9.17,US,1592664275
camacha,33.08,-16.33,73.4,99,75,8.05,PT,1592664275
hasaki,35.73,140.83,70.0,99,75,5.82,JP,1592664276
saldanha,-33.01,17.94,68.0,99,7,6.93,ZA,1592664276
opuwo,-18.06,13.84,75.76,99,36,3.33,NA,1592664276
ilulissat,69.22,-51.1,46.4,99,5,5.82,GL,1592664276
buraydah,26.33,43.98,102.2,99,0,4.7,SA,1592664276
port blair,11.67,92.75,83.34,99,94,11.81,IN,1592664276
chicama,-7.84,-79.15,69.33,99,54,6.73,PE,1592664277
byron bay,-28.65,153.62,54.0,99,3,5.7,AU,1592664277
synya,65.37,58.04,41.27,99,100,3.98,RU,1592664277
kars,40.6,43.09,68.0,99,75,18.34,TR,1592664277
bahia blanca,-38.72,-62.27,56.1,99,100,3.98,AR,1592664277
ulladulla,-35.35,150.47,55.0,99,90,3.31,AU,1592664277
coffs harbour,-30.3,153.13,59.0,99,1,8.05,AU,1592664240
jurilovca,44.77,28.87,77.0,99,40,3.36,RO,1592664278
arraial do cabo,-22.97,-42.03,82.4,99,0,5.82,BR,1592663986
ocala,29.19,-82.14,82.0,99,40,4.7,US,1592664237
labuhan,-6.88,112.21,78.78,99,99,7.76,ID,1592664278
kirksville,40.19,-92.58,73.0,99,90,5.82,US,1592664278
alyangula,-13.85,136.42,68.0,99,0,12.86,AU,1592664279
monkey bay,-14.07,34.92,74.55,99,40,5.23,MW,1592664279
vanderhoof,54.02,-124.02,57.07,99,100,3.36,CA,1592664279
ipixuna,-1.76,-48.8,86.0,99,40,11.41,BR,1592664279
shadegan,30.65,48.66,109.4,99,0,20.8,IR,1592664279
knysna,-34.04,23.05,64.4,99,0,6.93,ZA,1592664279
ketchikan,55.34,-131.65,53.6,99,90,6.93,US,1592664280
balkanabat,39.51,54.37,102.27,99,38,29.06,TM,1592664280
alice springs,-23.7,133.88,46.4,99,0,5.68,AU,1592664280
gurupa,-1.41,-51.64,83.53,99,8,5.1,BR,1592664119
egvekinot,66.32,-179.17,49.08,99,4,1.57,RU,1592664280
jalu,29.03,21.55,109.92,99,0,6.31,LY,1592664280
vieques,18.43,-65.83,88.0,99,40,12.75,PR,1592664281
karasburg,-28.02,18.75,71.58,99,0,13.76,NA,1592664281
jinchang,38.5,102.17,82.22,99,85,6.31,CN,1592664281
portobelo,9.55,-79.65,81.0,99,75,5.46,PA,1592664281
lucapa,-8.42,20.74,86.31,99,0,3.29,AO,1592664281
aleksandrov gay,50.15,48.57,88.7,99,0,7.07,RU,1592664282
metro,-5.11,105.31,75.61,99,0,3.71,ID,1592664282
kutum,14.2,24.67,93.97,99,0,8.81,SD,1592664282
kenai,60.55,-151.26,48.99,99,90,5.44,US,1592664282
viesite,56.35,25.56,81.03,99,39,8.05,LV,1592664282
asyut,27.18,31.18,98.6,99,0,16.11,EG,1592664283
mossoro,-5.19,-37.34,89.19,99,1,14.72,BR,1592664283
saint george,37.1,-113.58,75.99,99,1,9.17,US,1592664283
oksfjord,70.24,22.35,59.0,99,0,10.29,NO,1592664283
clyde river,70.47,-68.59,37.4,99,20,10.29,CA,1592664284
castlemaine,-37.07,144.22,42.01,99,91,3.06,AU,1592664212
mana,5.66,-53.78,80.58,99,59,8.46,GF,1592664284
mahebourg,-20.41,57.7,73.4,99,75,13.87,MU,1592664284
bambous virieux,-20.34,57.76,73.4,99,75,13.87,MU,1592664284
mar del plata,-38.0,-57.56,54.0,99,100,3.36,AR,1592664285
malanje,-9.54,16.34,80.6,99,40,3.36,AO,1592664285
isla mujeres,21.23,-86.73,86.0,99,75,9.17,MX,1592664285
walvis bay,-22.96,14.51,87.8,99,76,11.41,NA,1592664285
kamaishi,39.27,141.88,57.88,99,63,4.7,JP,1592664285
khatanga,71.97,102.5,63.39,99,6,13.04,RU,1592664286
hambantota,6.12,81.12,87.8,99,40,11.41,LK,1592664286
ereymentau,51.62,73.1,51.96,99,9,6.53,KZ,1592664286
katsuyama,36.06,136.5,64.4,99,5,14.99,JP,1592664286
aswan,24.09,32.91,101.97,99,0,13.27,EG,1592664286
oranjestad,12.52,-70.03,80.6,99,40,19.46,AW,1592664058
vila franca do campo,37.72,-25.43,68.0,99,20,13.87,PT,1592664287
kishcha,42.18,47.58,68.23,99,33,4.27,RU,1592664287
cam ranh,11.92,109.16,86.0,99,40,13.87,VN,1592664287
brae,60.4,-1.35,59.0,99,53,12.75,GB,1592664287
banda aceh,5.56,95.32,80.85,99,98,8.39,ID,1592664287
san quintin,30.48,-115.95,62.96,99,100,8.37,MX,1592664287
young,-32.68,-57.63,61.12,99,42,11.95,UY,1592664287
altay,47.87,88.12,59.9,99,92,14.83,CN,1592664287
limbang,4.75,115.0,78.8,99,75,2.24,MY,1592664288
asfi,32.3,-9.24,74.05,99,0,19.86,MA,1592664288
sao filipe,14.9,-24.5,77.18,99,1,15.88,CV,1592664288
yeppoon,-23.13,150.73,60.8,99,75,10.29,AU,1592664288
port lincoln,-34.73,135.87,56.3,99,78,27.11,AU,1592664288
san juan,-31.54,-68.54,59.65,99,0,8.01,AR,1592664288
port augusta,-32.5,137.77,51.8,99,2,11.41,AU,1592664185
tanggu,39.02,117.65,78.8,99,8,4.47,CN,1592664289
anqing,30.51,117.05,70.02,99,100,2.66,CN,1592664289
merauke,-8.47,140.33,77.25,99,29,16.58,ID,1592664289
marawi,8.0,124.29,80.01,99,63,3.0,PH,1592664289
puerto del rosario,28.5,-13.86,77.0,99,20,17.22,ES,1592664289
lazaro cardenas,17.96,-102.2,85.03,99,44,2.51,MX,1592664289
lorengau,-2.02,147.27,81.32,99,0,1.48,PG,1592664289
kaohsiung,22.62,120.31,86.0,99,40,4.7,TW,1592664290
champerico,14.3,-91.92,80.6,99,20,0.98,GT,1592664290
corinto,37.94,22.96,88.0,99,31,3.0,GR,1592664290
seoul,37.57,126.98,73.4,99,20,3.36,KR,1592664290
maniitsoq,65.42,-52.9,40.01,99,27,15.43,GL,1592664290
igarka,67.47,86.58,52.14,99,63,15.21,RU,1592664290
lashio,22.93,97.75,70.92,99,39,2.13,MM,1592664291
oktyabrskiy,54.48,53.47,69.71,99,0,6.78,RU,1592664291
lebedinyy,58.52,125.52,50.09,99,22,3.98,RU,1592664291
ukiah,39.15,-123.21,61.0,99,1,3.36,US,1592663986
atar,20.52,-13.05,111.51,99,0,13.87,MR,1592664291
hidalgotitlan,17.78,-94.63,82.4,99,75,2.24,MX,1592664291
aykhal,66.0,111.5,64.4,99,40,4.47,RU,1592664292
wajid,3.81,43.25,86.16,99,9,20.4,SO,1592664292
agarak,39.21,46.54,79.03,99,34,2.89,AM,1592664292
wanaka,-44.7,169.15,33.98,99,0,0.94,NZ,1592664292
barcelos,41.54,-8.62,75.0,99,1,9.17,PT,1592664292
privolzhskiy,51.4,46.03,75.43,99,0,3.53,RU,1592664293
kama,56.31,54.09,62.58,99,82,5.37,RU,1592664293
yumen,40.28,97.2,81.86,99,100,6.98,CN,1592664293
itarema,-2.92,-39.92,83.03,99,48,15.23,BR,1592664293
acapulco,16.86,-99.89,82.4,99,90,2.24,MX,1592664142
castro,-24.79,-50.01,71.8,99,0,7.34,BR,1592664293
avera,33.19,-82.53,80.6,99,1,4.7,US,1592664293
mattru,7.62,-11.83,82.67,99,47,2.55,SL,1592664294
saint-joseph,-21.37,55.62,71.6,99,61,5.82,RE,1592664294
arsenyev,44.16,133.27,56.8,99,98,3.78,RU,1592664294
gardelegen,52.53,11.4,73.0,99,98,4.0,DE,1592664294
vao,-22.67,167.48,68.27,99,28,14.29,NC,1592664294
half moon bay,37.46,-122.43,59.0,99,90,9.17,US,1592664069
rabat,33.99,-6.84,75.2,99,40,11.41,MA,1592664294
souillac,-20.52,57.52,73.4,99,75,13.87,MU,1592664295
laguna,38.42,-121.42,62.01,99,1,8.05,US,1592664295
te kauwhata,-37.4,175.15,55.99,99,90,1.99,NZ,1592664295
olinda,-8.01,-34.86,84.2,99,40,17.22,BR,1592664295
sisimiut,66.94,-53.67,42.15,99,26,11.56,GL,1592664005
dwarka,22.24,68.97,87.03,99,54,18.1,IN,1592664296
skibotn,69.39,20.27,57.2,99,3,4.7,NO,1592664296
peniche,39.36,-9.38,75.0,99,0,11.01,PT,1592664296
gazanjyk,39.24,55.52,102.02,99,79,36.48,TM,1592664296
ostrovnoy,68.05,39.51,43.97,99,100,15.57,RU,1592664296
birjand,32.87,59.22,96.8,99,40,16.11,IR,1592664296
ratne,51.67,24.53,75.69,99,14,7.63,UA,1592664296
manitowoc,44.07,-87.8,69.01,99,90,1.88,US,1592664297
port said,31.26,32.28,80.6,99,0,14.99,EG,1592664297
saint-ambroise,48.55,-71.33,73.99,99,20,16.11,CA,1592664297
mandiana,10.63,-8.68,91.53,99,33,6.24,GN,1592664297
severo-kurilsk,50.68,156.12,41.72,99,100,17.58,RU,1592664297
abu samrah,35.3,37.18,81.95,99,15,21.41,SY,1592664298
skibbereen,51.55,-9.27,57.2,99,75,23.04,IE,1592664298
kaitangata,-46.28,169.85,44.01,99,88,1.99,NZ,1592664298
kolpny,52.23,37.04,75.85,99,99,6.08,RU,1592664298
namanyere,-7.52,31.05,70.41,99,88,5.39,TZ,1592664298
vila,42.03,-8.16,75.99,99,0,11.99,PT,1592664298
mount gambier,-37.83,140.77,46.4,99,90,4.7,AU,1592664027
galbshtadt,53.23,78.98,49.84,99,29,6.62,RU,1592664299
belozerskoye,55.82,65.58,61.57,99,100,2.95,RU,1592664299
riosucio,5.42,-75.7,71.6,99,40,4.7,CO,1592664090
wattegama,6.8,81.48,87.8,99,40,11.41,LK,1592664299
sheboygan,43.73,-87.93,73.4,99,90,3.36,US,1592664299
doka,13.52,35.77,92.8,99,23,6.55,SD,1592664299
xixiang,35.16,112.86,77.0,99,1,1.01,CN,1592664300
mantua,45.17,10.78,82.99,99,33,9.17,IT,1592664300
mareeba,-17.0,145.43,69.8,99,90,11.41,AU,1592664300
mtinko,-4.55,34.85,74.08,99,56,5.12,TZ,1592664300
alford,57.23,-2.7,70.0,99,75,13.87,GB,1592664300
ancud,-41.87,-73.82,48.0,99,90,9.17,CL,1592664300
goure,13.98,10.27,106.0,99,19,5.01,NE,1592664301
andenes,69.31,16.12,53.6,99,53,16.11,NO,1592664301
pavlikeni,43.24,25.32,86.0,99,20,12.75,BG,1592664301
gao,16.64,1.64,107.26,99,54,7.76,ML,1592664208
liverpool,53.41,-2.98,73.0,99,40,10.29,GB,1592664105
storforshei,66.4,14.52,78.01,99,87,1.01,NO,1592664301
hudson bay,52.85,-102.38,49.73,99,95,2.93,CA,1592664127
yelizovo,53.19,158.38,42.8,99,90,2.24,RU,1592664302
belyy yar,53.6,91.39,55.4,99,40,11.18,RU,1592664302
sabang,5.89,95.32,83.79,99,99,11.1,ID,1592664302
yongan,39.7,113.69,68.16,99,87,2.1,CN,1592664302
westport,41.14,-73.36,80.01,99,1,8.05,US,1592664240
tatarskaya pishlya,54.06,44.9,75.96,99,1,3.36,RU,1592664303
oksbol,55.63,8.29,66.2,99,100,13.87,DK,1592664303
tabory,58.52,64.55,56.35,99,99,8.79,RU,1592664303
kavaratti,10.57,72.64,84.0,99,100,17.4,IN,1592664303
praia da vitoria,38.73,-27.07,77.0,99,20,10.85,PT,1592664304
vardo,70.37,31.11,50.0,99,8,10.29,NO,1592664304
port macquarie,-31.43,152.92,48.0,99,6,10.6,AU,1592664304
honningsvag,70.98,25.97,44.69,99,0,4.36,NO,1592664304
burnie,-41.07,145.92,50.0,99,87,4.0,AU,1592664304
nalchiti,22.63,90.28,82.96,99,92,9.13,BD,1592664304
reconquista,-29.15,-59.65,75.34,99,63,8.93,AR,1592664305
ternate,0.8,127.4,81.59,99,65,3.15,ID,1592664305
vicuna,-30.03,-70.71,60.01,99,32,2.13,CL,1592664305
faanui,-16.48,-151.75,79.45,99,98,7.09,PF,1592664173
rabo de peixe,37.8,-25.58,68.0,99,20,13.87,PT,1592664305
bayir,37.27,28.22,93.2,99,20,18.34,TR,1592664305
road town,18.42,-64.62,89.6,99,40,12.75,VG,1592664305
tessalit,20.2,1.01,110.1,99,59,11.23,ML,1592664306
key west,24.56,-81.78,89.6,99,1,10.29,US,1592664306
margate,51.38,1.39,70.0,99,8,5.01,GB,1592664306
isakly,54.13,51.53,71.37,99,0,6.78,RU,1592664306
portland,45.52,-122.68,66.2,99,90,3.36,US,1592663746
ginir,7.13,40.7,66.47,99,65,8.9,ET,1592664306
cherskiy,68.75,161.3,70.99,99,54,5.95,RU,1592664307
beloha,-25.17,45.05,71.04,99,41,12.33,MG,1592664307
springdale,36.19,-94.13,78.8,99,1,9.17,US,1592664307
guisa,20.25,-76.54,86.0,99,20,4.7,CU,1592664307
komsomolskiy,40.43,71.72,87.8,99,0,4.7,UZ,1592664307
mitsamiouli,-11.38,43.28,76.35,99,100,15.35,KM,1592664307
jian,27.12,114.98,79.34,99,96,4.47,CN,1592664308
morondava,-20.28,44.28,73.09,99,100,9.73,MG,1592664308
damietta,31.42,31.81,80.6,99,0,14.99,EG,1592664308
palmer,42.16,-72.33,84.99,99,20,3.36,US,1592664142
codrington,-38.27,141.97,47.43,99,100,7.29,AU,1592664308
lima,-12.04,-77.03,62.6,99,90,6.93,PE,1592664147
kavieng,-2.57,150.8,83.25,99,61,6.8,PG,1592664308
manokwari,-0.87,134.08,80.73,99,26,3.15,ID,1592664309
bongandanga,1.5,21.05,89.73,99,61,1.77,CD,1592664309
kargil,34.57,76.1,53.55,99,89,6.13,IN,1592664309
pangai,-19.8,-174.35,75.85,99,3,17.0,TO,1592664309
vilhena,-12.74,-60.15,78.8,99,0,10.29,BR,1592664218
jiayuguan,39.82,98.3,80.08,99,100,18.52,CN,1592664309
evensk,61.95,159.23,50.09,99,0,1.45,RU,1592664309
baracoa,20.35,-74.5,87.24,99,33,3.94,CU,1592664310
saint anthony,45.02,-93.22,70.0,99,1,8.05,US,1592664310
necochea,-38.55,-58.74,48.0,99,100,1.01,AR,1592664310
gbadolite,4.28,21.02,78.69,99,95,1.68,CD,1592664310
comodoro rivadavia,-45.87,-67.5,46.4,99,100,5.82,AR,1592664234
salalah,17.02,54.09,87.8,99,20,6.93,OM,1592664041
guane,22.2,-84.09,87.44,99,0,5.86,CU,1592664310
songjianghe,42.19,127.48,59.52,99,0,6.78,CN,1592664311
marystown,47.17,-55.15,51.76,99,98,13.96,CA,1592664311
nadvoitsy,63.87,34.32,56.66,99,48,6.29,RU,1592664311
yagodnoye,62.55,149.67,52.74,99,0,2.59,RU,1592664311
lewistown,40.6,-77.57,70.0,99,90,1.19,US,1592664311
sakaiminato,35.55,133.23,68.0,99,40,14.99,JP,1592664312
goderich,43.75,-81.72,81.0,99,61,4.0,CA,1592664312
pangoa,-12.12,-73.0,78.53,99,63,1.34,PE,1592664312
la asuncion,11.03,-63.86,84.2,99,99,13.87,VE,1592664312
broome,42.25,-75.83,77.0,99,75,3.91,US,1592664312
nabire,-3.37,135.48,76.41,99,69,3.22,ID,1592664312
salym,60.06,71.48,51.64,99,100,6.96,RU,1592664313
beringovskiy,63.05,179.32,45.9,99,94,3.69,RU,1592664313
xining,36.62,101.77,66.2,99,85,5.5,CN,1592664313
batagay-alyta,67.8,130.41,66.15,99,2,1.39,RU,1592664314
fairbanks,64.84,-147.72,55.4,99,1,1.25,US,1592664302
chapais,49.78,-74.85,75.2,99,90,4.7,CA,1592664314
ranong,9.97,98.63,81.25,99,98,7.52,TH,1592664314
alugan,12.22,125.48,82.22,99,0,3.71,PH,1592664315
gamba,-2.65,10.0,76.06,99,100,7.0,GA,1592664315
henties bay,-22.12,14.28,72.45,99,29,10.96,NA,1592664315
antsla,57.83,26.54,64.99,99,75,11.41,EE,1592664315
mackay,-21.15,149.2,62.6,99,40,8.05,AU,1592664111
nouadhibou,20.93,-17.03,93.2,99,0,10.29,MR,1592664316
lavrentiya,65.58,-171.0,44.29,99,0,11.79,RU,1592664316
bilma,18.69,12.92,107.24,99,0,5.64,NE,1592664316
namatanai,-3.67,152.43,80.17,99,45,3.02,PG,1592664316
nishihara,26.18,127.76,82.4,99,40,10.29,JP,1592664317
nueva italia,-25.62,-57.5,84.2,99,0,16.11,PY,1592664317
broken hill,-31.95,141.43,50.0,99,75,10.29,AU,1592664317
boundiali,9.52,-6.49,93.56,99,42,3.69,CI,1592664317
campbellford,44.31,-77.8,82.99,99,40,9.17,CA,1592664317
kedougou,12.56,-12.17,97.27,99,75,4.7,SN,1592664318
kloulklubed,7.04,134.26,78.8,99,75,9.51,PW,1592664318
ken caryl,39.58,-105.12,66.99,99,1,1.01,US,1592664318
kununurra,-15.77,128.73,66.2,99,0,7.16,AU,1592664318
srednekolymsk,67.45,153.68,71.47,99,31,5.95,RU,1592664318
bauchi,10.5,10.0,88.34,99,96,6.73,NG,1592664318
nome,64.5,-165.41,60.8,99,1,16.11,US,1592664319
gayny,60.31,54.32,52.92,99,6,10.47,RU,1592664319
nioro,13.35,-15.75,100.85,99,49,3.33,GM,1592664319
bilina,50.55,13.78,64.0,99,100,7.0,CZ,1592664319
birin,26.89,88.07,65.89,99,40,2.75,NP,1592664319
poum,-20.23,164.02,71.28,99,15,13.04,NC,1592664319
naldurg,17.82,76.3,81.37,99,100,10.04,IN,1592664320
yanam,16.73,82.22,89.6,99,75,4.7,IN,1592664320
tiznit,29.58,-9.5,80.42,99,0,10.67,MA,1592664320
camocim,-2.9,-40.84,85.41,99,23,12.86,BR,1592664320
charters towers,-20.1,146.27,63.45,99,93,8.86,AU,1592664320
ventersburg,-28.09,27.14,54.39,99,0,5.7,ZA,1592664320
whitecourt,54.15,-115.69,57.2,99,5,4.7,CA,1592664320
pacific grove,36.62,-121.92,54.0,99,79,1.01,US,1592664321
besancon,47.25,6.02,66.99,99,0,5.61,FR,1592664321
swift current,50.28,-107.8,50.0,99,40,3.36,CA,1592664080
soe,-9.86,124.28,64.96,99,49,5.5,ID,1592664321
chupaca,-12.07,-75.28,55.42,99,7,0.65,PE,1592664321
tiassale,5.9,-4.83,80.42,99,72,2.28,CI,1592664322
la ronge,55.1,-105.28,46.4,99,90,6.93,CA,1592664322
coihaique,-45.58,-72.07,35.6,99,90,6.93,CL,1592664322
hervey bay,-25.3,152.85,62.01,99,77,4.0,AU,1592664322
pisco,-13.7,-76.22,66.0,99,75,4.7,PE,1592664322
nanortalik,60.14,-45.24,40.5,99,100,12.62,GL,1592664322
kabinda,-6.13,24.48,89.1,99,1,5.77,CD,1592664322
ligayan,4.65,119.47,85.46,99,97,3.67,PH,1592664323
sambava,-14.27,50.17,74.95,99,100,13.06,MG,1592664323
karangampel,-6.46,108.45,79.77,99,98,8.55,ID,1592664323
coolum beach,-26.53,153.1,60.01,99,90,1.99,AU,1592664149
toora-khem,52.47,96.11,56.03,99,0,0.29,RU,1592664323
krasnoselkup,65.7,82.47,46.27,99,100,15.57,RU,1592664323
tura,25.52,90.22,77.79,99,0,3.87,IN,1592664323
jieshi,22.81,115.83,83.08,99,67,9.66,CN,1592664324
fort saint james,54.43,-124.25,55.98,99,100,2.71,CA,1592664324
luwuk,-0.95,122.79,78.12,99,100,3.85,ID,1592664324
tarakan,3.3,117.63,83.12,99,94,7.34,ID,1592664324
mehamn,71.04,27.85,47.14,99,0,6.29,NO,1592664324
say,13.1,2.37,96.8,99,98,13.87,NE,1592664324
golyshmanovo,56.4,68.37,57.45,99,100,12.91,RU,1592664325
manica,49.0,-1.17,71.6,99,75,9.17,FR,1592664325
mackenzie,55.3,-123.17,57.2,99,90,4.7,CA,1592664325
ratnagiri,16.98,73.3,82.27,99,100,6.15,IN,1592664311
gemena,3.25,19.77,78.8,99,74,4.92,CD,1592664325
nagato,34.38,131.2,69.8,99,20,8.05,JP,1592664326
orangeville,43.92,-80.1,81.0,99,20,2.24,CA,1592664326
abapo,-18.83,-63.47,86.02,99,0,2.48,BO,1592664326
ixtapa,20.7,-105.2,82.0,99,5,3.36,MX,1592664326
zhanaozen,43.3,52.8,95.16,99,2,21.68,KZ,1592664326
talara,-4.58,-81.27,69.8,99,3,20.8,PE,1592664326
tutoia,-2.76,-42.27,86.58,99,1,7.63,BR,1592664327
alindao,5.03,21.21,76.01,99,97,1.5,CF,1592664327
santa clara,22.4,-79.97,84.2,99,40,5.82,CU,1592664327
lagoa,39.05,-27.98,65.64,99,1,21.16,PT,1592664327
anadyr,64.75,177.48,53.6,99,50,9.98,RU,1592664327
luyang,27.62,110.1,78.17,99,100,3.24,CN,1592664327
klaebu,63.3,10.48,87.8,99,9,18.34,NO,1592664328
macusani,-14.08,-70.43,48.76,99,9,2.73,PE,1592664328
aksu,41.12,80.26,72.66,99,63,7.49,CN,1592664328
taoudenni,22.68,-3.98,115.48,99,80,5.32,ML,1592664328
khasan,42.43,130.64,59.7,99,100,11.65,RU,1592664328
moyale,3.52,39.06,76.37,99,66,6.67,KE,1592664328
yulara,-25.24,130.99,51.8,99,0,9.17,AU,1592664328
sur,22.57,59.53,90.57,99,90,16.51,OM,1592664329
khash,28.22,61.22,91.58,99,16,16.96,IR,1592664329
monrovia,6.3,-10.8,86.0,99,75,12.75,LR,1592664259
dunedin,-45.87,170.5,43.0,99,81,1.99,NZ,1592664329
boguchany,58.38,97.45,60.13,99,0,1.59,RU,1592664329
wanning,18.8,110.4,82.13,99,2,9.73,CN,1592664329
oktyabrskoye,43.06,44.74,80.6,99,40,6.71,RU,1592664329
sept-iles,50.2,-66.38,59.0,99,75,6.93,CA,1592664101
bulawayo,-20.15,28.58,61.5,99,24,4.76,ZW,1592664330
millinocket,45.66,-68.71,86.0,99,1,3.36,US,1592664330
deputatskiy,69.3,139.9,64.8,99,0,1.66,RU,1592664330
nizhnyaya omka,55.43,74.94,50.09,99,76,6.73,RU,1592664330
kieta,-6.22,155.63,79.86,99,46,1.97,PG,1592664330
snasa,64.25,12.38,83.41,99,1,10.45,NO,1592664330
najran,17.49,44.13,102.2,99,20,6.93,SA,1592664330
huanren,41.26,125.37,63.09,99,0,5.28,CN,1592664331
pampa,35.54,-100.96,71.6,99,40,8.05,US,1592664331
north bend,43.41,-124.22,60.01,99,20,5.82,US,1592664331
ibra,22.69,58.53,99.36,99,97,4.38,OM,1592664331
kenora,49.82,-94.43,60.8,99,90,8.05,CA,1592664331
sumbe,-11.21,13.84,78.42,99,0,8.19,AO,1592664331
camopi,3.17,-52.32,80.13,99,2,3.58,GF,1592664331
tautira,-17.73,-149.15,77.0,99,40,2.24,PF,1592664332
wuwei,37.93,102.64,82.0,99,51,3.0,CN,1592664319
ayr,55.46,-4.63,68.0,99,40,12.75,GB,1592664332
chunhuhub,19.55,-88.68,84.72,99,69,4.85,MX,1592664332
alappuzha,9.49,76.33,81.9,99,100,6.49,IN,1592664332
miranda,3.25,-76.23,73.4,99,40,3.09,CO,1592664332
hachinohe,40.5,141.5,55.4,99,20,1.12,JP,1592664333
bandarbeyla,9.49,50.81,88.36,99,98,25.08,SO,1592664333
mnogovershinnyy,53.94,139.92,41.27,99,91,3.67,RU,1592664333
san jose,37.34,-121.89,60.01,99,20,11.41,US,1592664306
berlevag,70.86,29.09,45.73,99,0,4.79,NO,1592664333
coruripe,-10.13,-36.18,81.01,99,3,16.6,BR,1592664334
izhma,65.01,53.91,41.27,99,100,15.52,RU,1592664334
trat,12.5,102.5,78.62,99,100,2.15,TH,1592664334
shubarshi,48.59,57.19,80.26,99,0,4.27,KZ,1592664334
milkovo,54.72,158.62,47.48,99,44,3.27,RU,1592664334
klaksvik,62.23,-6.59,55.4,99,63,12.75,FO,1592664334
shingu,33.73,135.98,67.82,99,96,3.91,JP,1592664335
atasu,48.68,71.64,58.3,99,0,6.6,KZ,1592664335
krasnoarmeysk,51.02,45.7,76.3,99,0,6.31,RU,1592664335
del rio,29.36,-100.9,80.6,99,90,10.29,US,1592664335
boddam,57.47,-1.78,70.0,99,75,13.87,GB,1592664335
nantucket,41.28,-70.1,73.0,99,1,12.75,US,1592664335
derzhavinsk,51.1,66.32,66.07,99,0,8.16,KZ,1592664336
dicabisagan,17.08,122.42,80.56,99,73,6.46,PH,1592664336
tabuk,17.42,121.44,77.18,99,100,3.56,PH,1592664336
letka,59.6,49.42,55.11,99,0,10.36,RU,1592664336
latung,5.5,120.88,84.42,99,39,0.98,PH,1592664336
solton,52.84,86.48,50.81,99,100,4.43,RU,1592664336
puerto madryn,-42.77,-65.04,55.72,99,100,27.72,AR,1592664234
safford,32.83,-109.71,73.4,99,1,2.17,US,1592664337
kamenka,51.32,42.77,82.99,99,30,2.77,RU,1592664337
saint-michel-des-saints,46.68,-73.92,88.63,99,0,2.1,CA,1592664337
barbastro,42.04,0.13,84.2,99,20,10.29,ES,1592664337
ambilobe,-13.2,49.05,74.17,99,89,5.17,MG,1592664337
muzhi,65.37,64.67,46.96,99,100,6.67,RU,1592664338
nichinan,31.6,131.37,68.0,99,80,1.99,JP,1592664338
madisonville,37.33,-87.5,84.2,99,1,8.05,US,1592664338
shetpe,44.17,52.12,94.71,99,52,20.51,KZ,1592664338
camacari,-12.7,-38.32,84.2,99,40,18.34,BR,1592664338
wajima,37.4,136.9,62.64,99,0,11.83,JP,1592664338
kabwe,-14.45,28.45,67.71,99,16,9.15,ZM,1592664338
neryungri,56.67,124.65,46.94,99,51,0.74,RU,1592664339
oranjemund,-28.55,16.43,65.88,99,0,12.57,NA,1592664339
uige,-7.61,15.06,84.2,99,20,9.17,AO,1592664339
mayo,38.89,-76.51,79.0,99,20,9.17,US,1592664339
rosa zarate,0.33,-79.47,78.73,99,100,2.8,EC,1592664339
nemuro,43.32,145.57,49.26,99,13,9.95,JP,1592664339
nara,34.69,135.8,68.0,99,38,2.82,JP,1592664191
flin flon,54.77,-101.86,46.4,99,90,5.82,CA,1592664340
saint-francois,46.42,3.91,73.4,99,28,5.82,FR,1592664340
ongandjera,-17.88,15.07,74.07,99,53,3.29,NA,1592664340
indramayu,-6.33,108.32,80.6,99,97,9.53,ID,1592664340
beyneu,45.32,55.2,89.64,99,3,21.16,KZ,1592664340
